0	1
-0.629320 0.777146 304.197153
-0.777146 -0.629320 470.800042
0.000000 0.000000 1.000000
0	8
-0.121869 -0.992546 266.970900
0.992546 -0.121869 303.531256
0.000000 0.000000 1.000000
1	2
0.731354 -0.681998 3.930390
0.681998 0.731354 141.889948
0.000000 0.000000 1.000000
1	7
0.927185 -0.374606 -124.892135
0.374606 0.927185 -229.401726
0.000000 0.000000 1.000000
2	3
-0.390731 0.920506 82.601396
-0.920506 -0.390731 670.851041
0.000000 0.000000 1.000000
2	10
-0.258819 0.965926 -190.013663
-0.965926 -0.258819 445.854383
0.000000 0.000000 1.000000
3	4
-0.629320 0.777145 -80.059970
-0.777145 -0.629320 459.670594
0.000000 0.000000 1.000000
3	11
0.999391 -0.034899 136.689222
0.034899 0.999391 -194.776823
0.000000 0.000000 1.000000
4	5
-0.996195 0.087156 569.386877
-0.087156 -0.996195 307.152525
0.000000 0.000000 1.000000
4	9
-0.998629 0.052336 536.340018
-0.052336 -0.998629 696.473994
0.000000 0.000000 1.000000
5	6
0.104528 0.994522 -175.486628
-0.994522 0.104528 169.307316
0.000000 0.000000 1.000000
6	9
0.139173 -0.990268 575.197343
0.990268 0.139173 114.981731
0.000000 0.000000 1.000000
6	12
-0.848048 -0.529919 794.299054
0.529919 -0.848048 -92.136804
0.000000 0.000000 1.000000
7	8
-0.913545 0.406736 372.576954
-0.406736 -0.913545 179.217228
0.000000 0.000000 1.000000
7	10
0.104529 0.994521 -78.642556
-0.994521 0.104529 644.143924
0.000000 0.000000 1.000000
7	16
0.469471 -0.882948 -14.784652
0.882948 0.469471 -227.678106
0.000000 0.000000 1.000000
8	17
0.998630 0.052336 294.905967
-0.052336 0.998630 -22.378022
0.000000 0.000000 1.000000
9	11
0.615662 0.788011 169.998531
-0.788011 0.615662 107.420841
0.000000 0.000000 1.000000
9	13
-0.034900 -0.999391 286.886728
0.999391 -0.034900 -266.890938
0.000000 0.000000 1.000000
10	11
0.994522 0.104529 -179.636588
-0.104529 0.994522 -6.812159
0.000000 0.000000 1.000000
10	15
-0.874620 0.484810 331.048960
-0.484810 -0.874620 205.103342
0.000000 0.000000 1.000000
11	14
-0.515038 -0.857167 465.057600
0.857167 -0.515038 -309.947780
0.000000 0.000000 1.000000
12	13
0.898795 -0.438371 168.435122
0.438371 0.898795 -430.178726
0.000000 0.000000 1.000000
12	23
0.342020 -0.939693 29.407736
0.939693 0.342020 49.429894
0.000000 0.000000 1.000000
13	14
0.920505 0.390731 -180.259352
-0.390731 0.920505 81.152590
0.000000 0.000000 1.000000
13	22
-0.978147 0.207912 124.762724
-0.207912 -0.978147 634.380866
0.000000 0.000000 1.000000
14	15
-0.069756 -0.997564 481.435146
0.997564 -0.069756 -313.400245
0.000000 0.000000 1.000000
14	21
0.994522 0.104529 -211.549374
-0.104529 0.994522 109.547799
0.000000 0.000000 1.000000
15	16
0.453991 0.891006 -361.804285
-0.891006 0.453991 466.638960
0.000000 0.000000 1.000000
15	20
0.961262 -0.275637 143.335246
0.275637 0.961262 316.109447
0.000000 0.000000 1.000000
16	17
-0.754709 -0.656059 322.510875
0.656059 -0.754709 48.202010
0.000000 0.000000 1.000000
16	19
0.469471 -0.882948 69.177244
0.882948 0.469471 224.953255
0.000000 0.000000 1.000000
17	18
0.891007 0.453990 261.643017
-0.453990 0.891007 61.943568
0.000000 0.000000 1.000000
18	19
0.642788 0.766045 53.777515
-0.766045 0.642788 -5.300743
0.000000 0.000000 1.000000
18	29
-0.681998 0.731354 489.088124
-0.731354 -0.681998 529.375821
0.000000 0.000000 1.000000
19	20
0.956305 -0.292371 276.591028
0.292371 0.956305 -186.220113
0.000000 0.000000 1.000000
19	26
0.970296 0.241922 39.968583
-0.241922 0.970296 271.867830
0.000000 0.000000 1.000000
20	21
-0.438371 0.898794 409.541387
-0.898794 -0.438371 242.180380
0.000000 0.000000 1.000000
20	28
0.629320 0.777146 57.758084
-0.777146 0.629320 475.200068
0.000000 0.000000 1.000000
21	22
-0.754710 0.656060 220.409510
-0.656060 -0.754710 544.907521
0.000000 0.000000 1.000000
21	27
0.156434 -0.987689 47.594659
0.987689 0.156434 12.204081
0.000000 0.000000 1.000000
22	23
-0.848047 0.529919 68.210435
-0.529919 -0.848047 131.048099
0.000000 0.000000 1.000000
22	24
-0.913545 -0.406737 613.346893
0.406737 -0.913545 0.279362
0.000000 0.000000 1.000000
23	25
-0.017452 -0.999848 253.081583
0.999848 -0.017452 101.809668
0.000000 0.000000 1.000000
24	25
-0.838671 -0.544639 608.312589
0.544639 -0.838671 369.009450
0.000000 0.000000 1.000000
24	27
0.438371 -0.898795 239.195691
0.898795 0.438371 -209.174391
0.000000 0.000000 1.000000
24	32
0.325568 -0.945519 77.898376
0.945519 0.325568 130.822809
0.000000 0.000000 1.000000
25	30
-0.927184 0.374607 704.853980
-0.374607 -0.927184 435.506106
0.000000 0.000000 1.000000
26	28
0.939692 0.342020 145.177577
-0.342020 0.939692 49.837080
0.000000 0.000000 1.000000
26	29
0.358368 0.933580 -262.747005
-0.933580 0.358368 352.179653
0.000000 0.000000 1.000000
26	31
0.544639 -0.838670 228.086449
0.838670 0.544639 241.151275
0.000000 0.000000 1.000000
27	28
0.961262 0.275638 -441.317910
-0.275638 0.961262 34.203723
0.000000 0.000000 1.000000
27	35
-0.978147 0.207911 252.534056
-0.207911 -0.978147 751.231594
0.000000 0.000000 1.000000
28	33
0.999391 -0.034900 -114.327404
0.034900 0.999391 304.663283
0.000000 0.000000 1.000000
29	34
0.453991 -0.891007 32.472494
0.891007 0.453991 100.653748
0.000000 0.000000 1.000000
30	32
0.139174 -0.990268 341.451498
0.990268 0.139174 -195.266767
0.000000 0.000000 1.000000
31	33
0.258819 0.965926 65.531744
-0.965926 0.258819 145.267624
0.000000 0.000000 1.000000
31	34
0.453991 0.891007 -111.867267
-0.891007 0.453991 386.684757
0.000000 0.000000 1.000000
32	35
-0.996194 0.087156 73.242890
-0.087156 -0.996194 451.654429
0.000000 0.000000 1.000000
33	35
-0.898794 0.438371 603.401736
-0.438371 -0.898794 555.119604
0.000000 0.000000 1.000000
