0.000000000000000000e+00 1.000000000000000000e+00 0.000000000000000000e+00
-6.293199999999999905e-01 7.771460000000000035e-01 3.041971529999998438e+02
-7.771460000000000035e-01 -6.293199999999999905e-01 4.708000420000000759e+02
0.000000000000000000e+00 0.000000000000000000e+00 1.000000000000000000e+00
0.000000000000000000e+00 8.000000000000000000e+00 0.000000000000000000e+00
-1.218690000000000051e-01 -9.925460000000000393e-01 2.669709000000000287e+02
9.925460000000000393e-01 -1.218690000000000051e-01 3.035312559999999849e+02
0.000000000000000000e+00 0.000000000000000000e+00 1.000000000000000000e+00
1.000000000000000000e+00 2.000000000000000000e+00 0.000000000000000000e+00
7.313543425767806694e-01 -6.819978676727661560e-01 3.930389726158409758e+00
6.819978676727661560e-01 7.313543425767805584e-01 1.418899484298527227e+02
0.000000000000000000e+00 0.000000000000000000e+00 1.000000000000000000e+00
1.000000000000000000e+00 7.000000000000000000e+00 0.000000000000000000e+00
9.271845533770474157e-01 -3.746062942243071903e-01 -1.248921349495536788e+02
3.746062942243072458e-01 9.271845533770473047e-01 -2.294017255013252452e+02
0.000000000000000000e+00 0.000000000000000000e+00 1.000000000000000000e+00
2.000000000000000000e+00 3.000000000000000000e+00 0.000000000000000000e+00
-3.907306047210692412e-01 9.205055474506668167e-01 8.260139622704127760e+01
-9.205055474506669277e-01 -3.907306047210691857e-01 6.708510411410057941e+02
0.000000000000000000e+00 0.000000000000000000e+00 1.000000000000000000e+00
2.000000000000000000e+00 1.000000000000000000e+01 0.000000000000000000e+00
-2.588186053471336900e-01 9.659258447231509059e-01 -1.900136629180211116e+02
-9.659258447231509059e-01 -2.588186053471336900e-01 4.458543833483458911e+02
0.000000000000000000e+00 0.000000000000000000e+00 1.000000000000000000e+00
3.000000000000000000e+00 4.000000000000000000e+00 0.000000000000000000e+00
-6.293203861465287430e-01 7.771452286807066789e-01 -8.005997026731472488e+01
-7.771452286807067900e-01 -6.293203861465287430e-01 4.596705942450766997e+02
0.000000000000000000e+00 0.000000000000000000e+00 1.000000000000000000e+00
3.000000000000000000e+00 1.100000000000000000e+01 0.000000000000000000e+00
9.993908130336400797e-01 -3.489900067342502354e-02 1.366892223542125748e+02
3.489900067342497497e-02 9.993908130336401907e-01 -1.947768233706399315e+02
0.000000000000000000e+00 0.000000000000000000e+00 1.000000000000000000e+00
4.000000000000000000e+00 5.000000000000000000e+00 0.000000000000000000e+00
-9.961953069620074208e-01 8.715565525772132893e-02 5.693868766887887887e+02
-8.715565525772119015e-02 -9.961953069620073098e-01 3.071525252013491922e+02
0.000000000000000000e+00 0.000000000000000000e+00 1.000000000000000000e+00
4.000000000000000000e+00 9.000000000000000000e+00 0.000000000000000000e+00
-9.986294781676738896e-01 5.233579415182218475e-02 5.363400175147467053e+02
-5.233579415182205291e-02 -9.986294781676737786e-01 6.964739935223039993e+02
0.000000000000000000e+00 0.000000000000000000e+00 1.000000000000000000e+00
5.000000000000000000e+00 6.000000000000000000e+00 0.000000000000000000e+00
1.045282683283208364e-01 9.945215089277322784e-01 -1.754866277396174610e+02
-9.945215089277322784e-01 1.045282683283208919e-01 1.693073163157160366e+02
0.000000000000000000e+00 0.000000000000000000e+00 1.000000000000000000e+00
6.000000000000000000e+00 9.000000000000000000e+00 0.000000000000000000e+00
1.391729314019760078e-01 -9.902678308038450616e-01 5.751973433819351840e+02
9.902678308038451727e-01 1.391729314019759800e-01 1.149817314299330064e+02
0.000000000000000000e+00 0.000000000000000000e+00 1.000000000000000000e+00
6.000000000000000000e+00 1.200000000000000000e+01 0.000000000000000000e+00
-8.480482357112776315e-01 -5.299187543359576980e-01 7.942990543908586005e+02
5.299187543359576980e-01 -8.480482357112777425e-01 -9.213680447014257879e+01
0.000000000000000000e+00 0.000000000000000000e+00 1.000000000000000000e+00
7.000000000000000000e+00 8.000000000000000000e+00 0.000000000000000000e+00
-9.135450351330826058e-01 4.067363330861279991e-01 3.725769536448936492e+02
-4.067363330861279991e-01 -9.135450351330826058e-01 1.792172278625174897e+02
0.000000000000000000e+00 0.000000000000000000e+00 1.000000000000000000e+00
7.000000000000000000e+00 1.000000000000000000e+01 0.000000000000000000e+00
1.045285816624841740e-01 9.945213812770780093e-01 -7.864255594951612238e+01
-9.945213812770781203e-01 1.045285816624841463e-01 6.441439244089783642e+02
0.000000000000000000e+00 0.000000000000000000e+00 1.000000000000000000e+00
7.000000000000000000e+00 1.600000000000000000e+01 0.000000000000000000e+00
4.694713716467796560e-01 -8.829476828743050287e-01 -1.478465212066430468e+01
8.829476828743050287e-01 4.694713716467797116e-01 -2.276781061584148631e+02
0.000000000000000000e+00 0.000000000000000000e+00 1.000000000000000000e+00
8.000000000000000000e+00 1.700000000000000000e+01 0.000000000000000000e+00
9.986296361037894087e-01 5.233610847490466345e-02 2.949059669072092333e+02
-5.233610847490467038e-02 9.986296361037892977e-01 -2.237802205743099648e+01
0.000000000000000000e+00 0.000000000000000000e+00 1.000000000000000000e+00
9.000000000000000000e+00 1.100000000000000000e+01 0.000000000000000000e+00
6.156619439361732393e-01 7.880111568489541751e-01 1.699985306044218305e+02
-7.880111568489541751e-01 6.156619439361732393e-01 1.074208410771602189e+02
0.000000000000000000e+00 0.000000000000000000e+00 1.000000000000000000e+00
9.000000000000000000e+00 1.300000000000000000e+01 0.000000000000000000e+00
-3.489953854562351243e-02 -9.993914898832506610e-01 2.868867281250657015e+02
9.993914898832506610e-01 -3.489953854562349161e-02 -2.668909383985668455e+02
0.000000000000000000e+00 0.000000000000000000e+00 1.000000000000000000e+00
1.000000000000000000e+01 1.100000000000000000e+01 0.000000000000000000e+00
9.945223736098733891e-01 1.045286859610358027e-01 -1.796365876900003968e+02
-1.045286859610357888e-01 9.945223736098733891e-01 -6.812159466417938347e+00
0.000000000000000000e+00 0.000000000000000000e+00 1.000000000000000000e+00
1.000000000000000000e+01 1.500000000000000000e+01 0.000000000000000000e+00
-8.746203184411759368e-01 4.848098395229983870e-01 3.310489600142711311e+02
-4.848098395229983870e-01 -8.746203184411759368e-01 2.051033417085745896e+02
0.000000000000000000e+00 0.000000000000000000e+00 1.000000000000000000e+00
1.100000000000000000e+01 1.400000000000000000e+01 0.000000000000000000e+00
-5.150382710018941435e-01 -8.571671492156103245e-01 4.650576000477688581e+02
8.571671492156103245e-01 -5.150382710018942545e-01 -3.099477795879278119e+02
0.000000000000000000e+00 0.000000000000000000e+00 1.000000000000000000e+00
1.200000000000000000e+01 1.300000000000000000e+01 0.000000000000000000e+00
8.987947012260329993e-01 -4.383710735888090571e-01 1.684351219818001937e+02
4.383710735888090571e-01 8.987947012260329993e-01 -4.301787259215827817e+02
0.000000000000000000e+00 0.000000000000000000e+00 1.000000000000000000e+00
1.200000000000000000e+01 2.300000000000000000e+01 0.000000000000000000e+00
3.420197202864475039e-01 -9.396925300464058495e-01 2.940773592934237968e+01
9.396925300464058495e-01 3.420197202864475594e-01 4.942989375298157029e+01
0.000000000000000000e+00 0.000000000000000000e+00 1.000000000000000000e+00
1.300000000000000000e+01 1.400000000000000000e+01 0.000000000000000000e+00
9.205049099616139374e-01 3.907307739552794978e-01 -1.802593521298553583e+02
-3.907307739552795534e-01 9.205049099616138264e-01 8.115259016877371323e+01
0.000000000000000000e+00 0.000000000000000000e+00 1.000000000000000000e+00
1.300000000000000000e+01 2.200000000000000000e+01 0.000000000000000000e+00
-9.781473959456191691e-01 2.079122715592425508e-01 1.247627239960442438e+02
-2.079122715592425508e-01 -9.781473959456191691e-01 6.343808659493442974e+02
0.000000000000000000e+00 0.000000000000000000e+00 1.000000000000000000e+00
1.400000000000000000e+01 1.500000000000000000e+01 0.000000000000000000e+00
-6.975630690075627915e-02 -9.975642332628855691e-01 4.814351464260088846e+02
9.975642332628854581e-01 -6.975630690075627915e-02 -3.134002453825152088e+02
0.000000000000000000e+00 0.000000000000000000e+00 1.000000000000000000e+00
1.400000000000000000e+01 2.100000000000000000e+01 0.000000000000000000e+00
9.945215113208368818e-01 1.045285490837429970e-01 -2.115493738606252236e+02
-1.045285490837429970e-01 9.945215113208368818e-01 1.095477994582173551e+02
0.000000000000000000e+00 0.000000000000000000e+00 1.000000000000000000e+00
1.500000000000000000e+01 1.600000000000000000e+01 0.000000000000000000e+00
4.539905590024670978e-01 8.910063230398024281e-01 -3.618042845267526104e+02
-8.910063230398023171e-01 4.539905590024670978e-01 4.666389602217354877e+02
0.000000000000000000e+00 0.000000000000000000e+00 1.000000000000000000e+00
1.500000000000000000e+01 2.000000000000000000e+01 0.000000000000000000e+00
9.612616486853395870e-01 -2.756373267934545956e-01 1.433352459170358770e+02
2.756373267934544846e-01 9.612616486853393649e-01 3.161094469757913430e+02
0.000000000000000000e+00 0.000000000000000000e+00 1.000000000000000000e+00
1.600000000000000000e+01 1.700000000000000000e+01 0.000000000000000000e+00
-7.547089761521240669e-01 -6.560591254223193669e-01 3.225108745918228124e+02
6.560591254223193669e-01 -7.547089761521239559e-01 4.820201044537827784e+01
0.000000000000000000e+00 0.000000000000000000e+00 1.000000000000000000e+00
1.600000000000000000e+01 1.900000000000000000e+01 0.000000000000000000e+00
4.694713812761009963e-01 -8.829477009844336477e-01 6.917724403803094901e+01
8.829477009844336477e-01 4.694713812761009963e-01 2.249532553064814238e+02
0.000000000000000000e+00 0.000000000000000000e+00 1.000000000000000000e+00
1.700000000000000000e+01 1.800000000000000000e+01 0.000000000000000000e+00
8.910069664190469751e-01 4.539900015934085209e-01 2.616430169356057149e+02
-4.539900015934085209e-01 8.910069664190469751e-01 6.194356824287959284e+01
0.000000000000000000e+00 0.000000000000000000e+00 1.000000000000000000e+00
1.800000000000000000e+01 1.900000000000000000e+01 0.000000000000000000e+00
6.427877879357477564e-01 7.660446003357693767e-01 5.377751529196950742e+01
-7.660446003357691547e-01 6.427877879357477564e-01 -5.300743257726338697e+00
0.000000000000000000e+00 0.000000000000000000e+00 1.000000000000000000e+00
1.800000000000000000e+01 2.900000000000000000e+01 0.000000000000000000e+00
-6.819978699571088709e-01 7.313536696989273445e-01 4.890881236711157953e+02
-7.313536696989273445e-01 -6.819978699571087599e-01 5.293758205008543882e+02
0.000000000000000000e+00 0.000000000000000000e+00 1.000000000000000000e+00
1.900000000000000000e+01 2.000000000000000000e+01 0.000000000000000000e+00
9.563049489160089234e-01 -2.923713767841102928e-01 2.765910281227411929e+02
2.923713767841104039e-01 9.563049489160090344e-01 -1.862201129078088115e+02
0.000000000000000000e+00 0.000000000000000000e+00 1.000000000000000000e+00
1.900000000000000000e+01 2.600000000000000000e+01 0.000000000000000000e+00
9.702958227261182511e-01 2.419221171928210012e-01 3.996858349102274133e+01
-2.419221171928209735e-01 9.702958227261183621e-01 2.718678301457824773e+02
0.000000000000000000e+00 0.000000000000000000e+00 1.000000000000000000e+00
2.000000000000000000e+01 2.100000000000000000e+01 0.000000000000000000e+00
-4.383708701355790160e-01 8.987936355345292894e-01 4.095413870358729582e+02
-8.987936355345294004e-01 -4.383708701355789050e-01 2.421803803435414011e+02
0.000000000000000000e+00 0.000000000000000000e+00 1.000000000000000000e+00
2.000000000000000000e+01 2.800000000000000000e+01 0.000000000000000000e+00
6.293202948325202772e-01 7.771459253113628396e-01 5.775808401617712207e+01
-7.771459253113627286e-01 6.293202948325203883e-01 4.752000676986358485e+02
0.000000000000000000e+00 0.000000000000000000e+00 1.000000000000000000e+00
2.100000000000000000e+01 2.200000000000000000e+01 0.000000000000000000e+00
-7.547096126007897254e-01 6.560595708288163852e-01 2.204095098097424170e+02
-6.560595708288162742e-01 -7.547096126007897254e-01 5.449075212884274606e+02
0.000000000000000000e+00 0.000000000000000000e+00 1.000000000000000000e+00
2.100000000000000000e+01 2.700000000000000000e+01 0.000000000000000000e+00
1.564340285338198799e-01 -9.876887942929214459e-01 4.759465873827753057e+01
9.876887942929213349e-01 1.564340285338198799e-01 1.220408067252265027e+01
0.000000000000000000e+00 0.000000000000000000e+00 1.000000000000000000e+00
2.200000000000000000e+01 2.300000000000000000e+01 0.000000000000000000e+00
-8.480474390050583011e-01 5.299189818423228893e-01 6.821043487716190157e+01
-5.299189818423228893e-01 -8.480474390050583011e-01 1.310480988658900969e+02
0.000000000000000000e+00 0.000000000000000000e+00 1.000000000000000000e+00
2.200000000000000000e+01 2.400000000000000000e+01 0.000000000000000000e+00
-9.135450068619512809e-01 -4.067371259730958033e-01 6.133468933375720553e+02
4.067371259730959143e-01 -9.135450068619513919e-01 2.793622665049042553e-01
0.000000000000000000e+00 0.000000000000000000e+00 1.000000000000000000e+00
2.300000000000000000e+01 2.500000000000000000e+01 0.000000000000000000e+00
-1.745209656905063328e-02 -9.998480276416411572e-01 2.530815828498451765e+02
9.998480276416410462e-01 -1.745209656905066103e-02 1.018096679634993507e+02
0.000000000000000000e+00 0.000000000000000000e+00 1.000000000000000000e+00
2.400000000000000000e+01 2.500000000000000000e+01 0.000000000000000000e+00
-8.386706574271398651e-01 -5.446385951580952067e-01 6.083125886974132754e+02
5.446385951580952067e-01 -8.386706574271397541e-01 3.690094497564587073e+02
0.000000000000000000e+00 0.000000000000000000e+00 1.000000000000000000e+00
2.400000000000000000e+01 2.700000000000000000e+01 0.000000000000000000e+00
4.383705770417893333e-01 -8.987945637374414876e-01 2.391956906690087408e+02
8.987945637374413765e-01 4.383705770417893333e-01 -2.091743914862884139e+02
0.000000000000000000e+00 0.000000000000000000e+00 1.000000000000000000e+00
2.400000000000000000e+01 3.200000000000000000e+01 0.000000000000000000e+00
3.255682823222539324e-01 -9.455185032698969483e-01 7.789837638311860246e+01
9.455185032698968373e-01 3.255682823222539324e-01 1.308228085482189726e+02
0.000000000000000000e+00 0.000000000000000000e+00 1.000000000000000000e+00
2.500000000000000000e+01 3.000000000000000000e+01 0.000000000000000000e+00
-9.271842211092269359e-01 3.746066818320236691e-01 7.048539795933136247e+02
-3.746066818320236691e-01 -9.271842211092267139e-01 4.355061063287311072e+02
0.000000000000000000e+00 0.000000000000000000e+00 1.000000000000000000e+00
2.600000000000000000e+01 2.800000000000000000e+01 0.000000000000000000e+00
9.396924036769921385e-01 3.420203094628030960e-01 1.451775767065717844e+02
-3.420203094628030405e-01 9.396924036769920274e-01 4.983708014528406238e+01
0.000000000000000000e+00 0.000000000000000000e+00 1.000000000000000000e+00
2.600000000000000000e+01 2.900000000000000000e+01 0.000000000000000000e+00
3.583681445472601257e-01 9.335795592091418182e-01 -2.627470050575376490e+02
-9.335795592091418182e-01 3.583681445472600702e-01 3.521796533818246644e+02
0.000000000000000000e+00 0.000000000000000000e+00 1.000000000000000000e+00
2.600000000000000000e+01 3.100000000000000000e+01 0.000000000000000000e+00
5.446387758184896288e-01 -8.386697626035304332e-01 2.280864485563768369e+02
8.386697626035302111e-01 5.446387758184896288e-01 2.411512748749321418e+02
0.000000000000000000e+00 0.000000000000000000e+00 1.000000000000000000e+00
2.700000000000000000e+01 2.800000000000000000e+01 0.000000000000000000e+00
9.612615454411855831e-01 2.756379604789532256e-01 -4.413179096926820648e+02
-2.756379604789532811e-01 9.612615454411856941e-01 3.420372280590981973e+01
0.000000000000000000e+00 0.000000000000000000e+00 1.000000000000000000e+00
2.700000000000000000e+01 3.500000000000000000e+01 0.000000000000000000e+00
-9.781472116313250087e-01 2.079112276439917528e-01 2.525340564058581094e+02
-2.079112276439917806e-01 -9.781472116313250087e-01 7.512315935546155288e+02
0.000000000000000000e+00 0.000000000000000000e+00 1.000000000000000000e+00
2.800000000000000000e+01 3.300000000000000000e+01 0.000000000000000000e+00
9.993906530786218489e-01 -3.489979036175993449e-02 -1.143274043957197392e+02
3.489979036175992755e-02 9.993906530786218489e-01 3.046632832851596504e+02
0.000000000000000000e+00 0.000000000000000000e+00 1.000000000000000000e+00
2.900000000000000000e+01 3.400000000000000000e+01 0.000000000000000000e+00
4.539913092211805279e-01 -8.910069420349349123e-01 3.247249396816800981e+01
8.910069420349351343e-01 4.539913092211804724e-01 1.006537480046076780e+02
0.000000000000000000e+00 0.000000000000000000e+00 1.000000000000000000e+00
3.000000000000000000e+01 3.200000000000000000e+01 0.000000000000000000e+00
1.391735700387342900e-01 -9.902677652892408755e-01 3.414514983921151270e+02
9.902677652892408755e-01 1.391735700387342900e-01 -1.952667674544857164e+02
0.000000000000000000e+00 0.000000000000000000e+00 1.000000000000000000e+00
3.100000000000000000e+01 3.300000000000000000e+01 0.000000000000000000e+00
2.588194565368572286e-01 9.659262396946637352e-01 6.553174351976304024e+01
-9.659262396946637352e-01 2.588194565368572841e-01 1.452676236365942941e+02
0.000000000000000000e+00 0.000000000000000000e+00 1.000000000000000000e+00
3.100000000000000000e+01 3.400000000000000000e+01 0.000000000000000000e+00
4.539910331099786256e-01 8.910071688981386906e-01 -1.118672665599444827e+02
-8.910071688981386906e-01 4.539910331099786811e-01 3.866847570451520824e+02
0.000000000000000000e+00 0.000000000000000000e+00 1.000000000000000000e+00
3.200000000000000000e+01 3.500000000000000000e+01 0.000000000000000000e+00
-9.961944196014393960e-01 8.715623154430043873e-02 7.324288972386398200e+01
-8.715623154430045261e-02 -9.961944196014393960e-01 4.516544291860254816e+02
0.000000000000000000e+00 0.000000000000000000e+00 1.000000000000000000e+00
3.300000000000000000e+01 3.500000000000000000e+01 0.000000000000000000e+00
-8.987937663943308397e-01 4.383709557713679761e-01 6.034017358892529046e+02
-4.383709557713679761e-01 -8.987937663943309508e-01 5.551196042772644432e+02
0.000000000000000000e+00 0.000000000000000000e+00 1.000000000000000000e+00
