17.0 22.0 0.0
-0.7009092642998509 -0.7132504491541816 575.7503590634147
0.7132504491541816 -0.7009092642998509 427.95173820028566
0.0 0.0 1.0
10.0 26.0 0.0
-0.11320321376790671 0.9935718556765875 7.255045421395607
-0.9935718556765875 -0.11320321376790671 115.33962487590748
0.0 0.0 1.0
16.0 17.0 1.0
-0.052335802 0.9986296 166.50517
-0.9986296 -0.052335802 251.06491
0.0 0.0 1.0
32.0 33.0 1.0
0.52991945 0.84804815 -115.31253
-0.84804815 0.52991945 346.93256
0.0 0.0 1.0
0.0 8.0 1.0
-0.829038 -0.559193 383.08658
0.559193 -0.829038 440.7774
0.0 0.0 1.0
31.0 32.0 0.0
0.6658816660008343 0.7460573750616994 152.4847315408646
-0.7460573750616994 0.6658816660008343 344.31393052867156
0.0 0.0 1.0
12.0 13.0 1.0
0.25881878 -0.96592546 462.83313
0.96592546 0.25881878 -194.3303
0.0 0.0 1.0
24.0 29.0 0.0
0.4771587602596084 0.8788171126619654 -255.08796276550936
-0.8788171126619654 0.4771587602596084 237.09691933018576
0.0 0.0 1.0
2.0 35.0 0.0
-0.9945218953682733 0.10452846326765373 304.5791140451502
-0.10452846326765373 -0.9945218953682733 556.8291694380838
0.0 0.0 1.0
21.0 23.0 1.0
-0.79863584 -0.60181457 509.4092
0.60181457 -0.79863584 41.31618
0.0 0.0 1.0
9.0 11.0 1.0
0.43837038 -0.89879405 102.75496
0.89879405 0.43837038 176.55038
0.0 0.0 1.0
2.0 8.0 0.0
0.41469324265623914 -0.9099612708765432 269.0344914735915
0.9099612708765432 0.41469324265623914 -318.37031089807886
0.0 0.0 1.0
16.0 23.0 1.0
-0.92718416 -0.3746064 233.82916
0.3746064 -0.92718416 93.62016
0.0 0.0 1.0
4.0 15.0 0.0
0.9099612708765432 -0.414693242656239 368.1181392078623
0.414693242656239 0.9099612708765432 -28.910356989469065
0.0 0.0 1.0
4.0 5.0 1.0
0.88294697 0.46947163 -105.31287
-0.46947163 0.88294697 308.24478
0.0 0.0 1.0
1.0 28.0 0.0
-0.39874906892524614 -0.917060074385124 693.2694613077888
0.917060074385124 -0.39874906892524614 123.72417770614882
0.0 0.0 1.0
20.0 21.0 1.0
0.93969196 0.3420208 68.164024
-0.3420208 0.93969196 -117.645676
0.0 0.0 1.0
28.0 32.0 0.0
-0.9612616959383189 -0.2756373558169992 445.54001110549547
0.2756373558169992 -0.9612616959383189 469.3996763129754
0.0 0.0 1.0
23.0 28.0 0.0
-0.3214394653031616 0.9469301294951057 -172.1534038219224
-0.9469301294951057 -0.3214394653031616 504.72532619477715
0.0 0.0 1.0
14.0 34.0 0.0
0.7313537016191705 0.6819983600624985 223.3496784705223
-0.6819983600624985 0.7313537016191705 71.02776623419177
0.0 0.0 1.0
1.0 7.0 1.0
-0.81915224 0.5735759 151.81206
-0.5735759 -0.81915224 630.8677
0.0 0.0 1.0
8.0 14.0 0.0
0.41865973753742813 -0.9081431738250813 494.19379982503773
0.9081431738250813 0.41865973753742813 58.386637372341625
0.0 0.0 1.0
3.0 4.0 1.0
-0.9961953 -0.08715634 418.1002
0.08715634 -0.9961953 76.967735
0.0 0.0 1.0
19.0 27.0 1.0
0.94551855 0.32556754 249.92146
-0.32556754 0.94551855 -11.235011
0.0 0.0 1.0
10.0 13.0 1.0
0.42261836 0.9063073 -67.006165
-0.9063073 0.42261836 410.4785
0.0 0.0 1.0
6.0 12.0 1.0
-0.87461984 0.4848091 258.5097
-0.4848091 -0.87461984 616.07697
0.0 0.0 1.0
13.0 14.0 1.0
-0.9993915 0.034899827 291.70297
-0.034899827 -0.9993915 176.4283
0.0 0.0 1.0
22.0 28.0 1.0
-0.91354537 0.4067366 530.599
-0.4067366 -0.91354537 467.55835
0.0 0.0 1.0
12.0 23.0 0.0
0.6691306063588582 -0.7431448254773942 -14.609678117036509
0.7431448254773942 0.6691306063588582 -112.97274499699121
0.0 0.0 1.0
5.0 10.0 0.0
-0.7071067811865475 0.7071067811865476 313.2695526217004
-0.7071067811865476 -0.7071067811865475 238.99852070358486
0.0 0.0 1.0
32.0 33.0 0.0
0.4848096202463371 0.8746197071393957 -106.74623487399046
-0.8746197071393957 0.4848096202463371 365.4549053056039
0.0 0.0 1.0
5.0 6.0 1.0
-0.78801167 -0.6156612 237.87788
0.6156612 -0.78801167 115.30071
0.0 0.0 1.0
15.0 21.0 1.0
-0.5735759 -0.8191521 693.385
0.8191521 -0.5735759 35.45896
0.0 0.0 1.0
23.0 24.0 1.0
0.9271837 0.37460604 9.269512
-0.37460604 0.9271837 298.3465
0.0 0.0 1.0
11.0 27.0 0.0
0.766044443118978 -0.6427876096865393 63.27332120709619
0.6427876096865393 0.766044443118978 105.99109162459759
0.0 0.0 1.0
14.0 29.0 0.0
-0.8362861558477596 -0.5482932295199138 313.3507253761285
0.5482932295199138 -0.8362861558477596 36.32755664509136
0.0 0.0 1.0
2.0 11.0 0.0
0.7283709698824002 -0.6851829903263591 -64.8078613819676
0.6851829903263591 0.7283709698824002 -80.26390300696363
0.0 0.0 1.0
33.0 35.0 1.0
-0.9781476 -0.20791167 112.881905
0.20791167 -0.9781476 385.86935
0.0 0.0 1.0
7.0 16.0 1.0
0.9848074 -0.1736481 -100.12265
0.1736481 0.9848074 -260.33798
0.0 0.0 1.0
14.0 23.0 0.0
-0.30901699437494734 0.9510565162951536 390.2478451024555
-0.9510565162951536 -0.30901699437494734 389.5661596394607
0.0 0.0 1.0
0.0 15.0 0.0
-0.3420201433256687 -0.9396926207859084 585.4758358841078
0.9396926207859084 -0.3420201433256687 122.5314141537014
0.0 0.0 1.0
5.0 21.0 0.0
-0.9965655024977614 0.08280820751220419 518.2976197863641
-0.08280820751220419 -0.9965655024977614 261.42961223044426
0.0 0.0 1.0
3.0 11.0 1.0
-0.58778524 0.80901724 358.6228
-0.80901724 -0.58778524 455.88794
0.0 0.0 1.0
22.0 23.0 1.0
0.4383711 0.89879405 6.0940194
-0.89879405 0.4383711 3.4318151
0.0 0.0 1.0
0.0 3.0 0.0
-0.9998476951563913 0.017452406437283637 582.2534538171114
-0.017452406437283637 -0.9998476951563913 380.01734467966014
0.0 0.0 1.0
11.0 14.0 1.0
-0.94551903 -0.32556862 346.68582
0.32556862 -0.94551903 473.6673
0.0 0.0 1.0
4.0 25.0 0.0
0.03489949670250108 0.9993908270190958 -190.2378719745028
-0.9993908270190958 0.03489949670250108 380.0124268922343
0.0 0.0 1.0
17.0 26.0 0.0
-0.8038568606172173 0.5948227867513413 53.67451822471796
-0.5948227867513413 -0.8038568606172173 285.7890398416846
0.0 0.0 1.0
6.0 19.0 0.0
0.9762960071199334 0.21643961393810288 -162.11472758644376
-0.21643961393810288 0.9762960071199334 -130.97561468398072
0.0 0.0 1.0
1.0 23.0 0.0
-0.9099612708765431 0.4146932426562392 479.498639733156
-0.4146932426562392 -0.9099612708765431 405.3582039334485
0.0 0.0 1.0
1.0 7.0 0.0
-0.7826081568524139 0.6225146366376196 134.11107977655553
-0.6225146366376196 -0.7826081568524139 637.0803487456812
0.0 0.0 1.0
2.0 18.0 0.0
1.0 0.0 -258.0
0.0 1.0 -21.0
0.0 0.0 1.0
32.0 34.0 1.0
0.08715558 -0.99619484 433.9334
0.99619484 0.08715558 -354.46143
0.0 0.0 1.0
24.0 30.0 0.0
-0.9510565162951535 -0.3090169943749475 659.1639534933313
0.3090169943749475 -0.9510565162951535 331.37961310794594
0.0 0.0 1.0
1.0 12.0 0.0
-0.8571673007021122 -0.5150380749100544 388.773870086896
0.5150380749100544 -0.8571673007021122 498.837632050088
0.0 0.0 1.0
1.0 2.0 1.0
-0.25881907 -0.96592593 610.8257
0.96592593 -0.25881907 92.723335
0.0 0.0 1.0
2.0 3.0 1.0
0.9781471 0.20791149 -56.77031
-0.20791149 0.9781471 -235.10393
0.0 0.0 1.0
27.0 29.0 1.0
0.19080819 0.9816272 21.592983
-0.9816272 0.19080819 68.00108
0.0 0.0 1.0
5.0 11.0 0.0
0.9997620270799091 -0.02181488503456112 134.37051454396152
0.02181488503456112 0.9997620270799091 -72.8085629611241
0.0 0.0 1.0
25.0 32.0 1.0
0.9986292 -0.052335884 296.06833
0.052335884 0.9986292 90.23896
0.0 0.0 1.0
6.0 25.0 0.0
0.5664062369248328 -0.8241261886220157 344.73318399396635
0.8241261886220157 0.5664062369248328 -224.63033992661823
0.0 0.0 1.0
10.0 11.0 1.0
0.7193402 0.6946575 -362.25046
-0.6946575 0.7193402 120.76777
0.0 0.0 1.0
0.0 17.0 0.0
-0.8746197071393957 0.48480962024633717 211.38870036675496
-0.48480962024633717 -0.8746197071393957 678.9359351371743
0.0 0.0 1.0
8.0 17.0 1.0
0.9135448 0.4067367 47.845276
-0.4067367 0.9135448 -146.68982
0.0 0.0 1.0
24.0 25.0 1.0
0.15643486 -0.98768914 455.55054
0.98768914 0.15643486 -27.623728
0.0 0.0 1.0
7.0 24.0 0.0
0.6788007455329418 0.7343225094356856 92.53105050987966
-0.7343225094356856 0.6788007455329418 20.38960092821665
0.0 0.0 1.0
9.0 15.0 1.0
-0.8480479 0.52991927 -0.38254416
-0.52991927 -0.8480479 315.89877
0.0 0.0 1.0
18.0 19.0 1.0
-0.17364784 -0.98480767 123.94165
0.98480767 -0.17364784 76.76124
0.0 0.0 1.0
7.0 9.0 1.0
0.6691307 -0.7431451 -9.824262
0.7431451 0.6691307 97.648315
0.0 0.0 1.0
2.0 9.0 1.0
-0.9271837 -0.374607 550.20966
0.374607 -0.9271837 261.46167
0.0 0.0 1.0
17.0 22.0 1.0
0.707107 0.7071067 146.96973
-0.7071067 0.707107 77.35417
0.0 0.0 1.0
12.0 18.0 1.0
-0.8090173 -0.5877848 256.00607
0.5877848 -0.8090173 68.815254
0.0 0.0 1.0
7.0 15.0 0.0
-0.9935718556765875 -0.11320321376790689 375.5942785208529
0.11320321376790689 -0.9935718556765875 547.9292386996588
0.0 0.0 1.0
18.0 26.0 0.0
0.9612616959383189 0.27563735581699916 187.33729813112552
-0.27563735581699916 0.9612616959383189 38.766241872535396
0.0 0.0 1.0
28.0 35.0 1.0
-0.10452832 0.9945224 -195.48097
-0.9945224 -0.10452832 402.3171
0.0 0.0 1.0
13.0 15.0 0.0
0.9271838545667874 0.374606593415912 201.02470892458342
-0.374606593415912 0.9271838545667874 -64.08870628952741
0.0 0.0 1.0
13.0 19.0 1.0
-0.98162746 -0.19080903 173.4023
0.19080903 -0.98162746 411.10507
0.0 0.0 1.0
21.0 34.0 0.0
-0.18223552549214753 -0.9832549075639546 423.72333234240483
0.9832549075639546 -0.18223552549214753 327.8697126099753
0.0 0.0 1.0
6.0 10.0 1.0
0.9816269 0.19080958 -253.0546
-0.19080958 0.9816269 145.93428
0.0 0.0 1.0
0.0 31.0 0.0
0.9304175679820246 -0.3665012267242973 307.07349013655335
0.3665012267242973 0.9304175679820246 -68.89279743594203
0.0 0.0 1.0
25.0 26.0 1.0
0.9975639 -0.069756284 115.47568
0.069756284 0.9975639 -353.81223
0.0 0.0 1.0
10.0 35.0 0.0
0.008726535498373897 0.9999619230641713 -40.42549739676275
-0.9999619230641713 0.008726535498373897 67.19786486101555
0.0 0.0 1.0
9.0 35.0 0.0
0.3583679495453004 0.9335804264972017 12.590962939736272
-0.9335804264972017 0.3583679495453004 35.889549438063966
0.0 0.0 1.0
26.0 27.0 1.0
0.9848073 -0.17364861 129.97516
0.17364861 0.9848073 -243.99976
0.0 0.0 1.0
3.0 27.0 0.0
0.10886687485196452 0.9940563382223196 260.30587975481683
-0.9940563382223196 0.10886687485196452 419.43550725770126
0.0 0.0 1.0
19.0 20.0 1.0
-0.81915236 -0.5735762 577.4601
0.5735762 -0.81915236 520.3636
0.0 0.0 1.0
7.0 8.0 1.0
0.51503867 0.8571673 121.35148
-0.8571673 0.51503867 132.38824
0.0 0.0 1.0
10.0 16.0 0.0
0.6851829903263592 -0.7283709698824002 225.8009800794645
0.7283709698824002 0.6851829903263592 -378.40243585050644
0.0 0.0 1.0
10.0 12.0 0.0
0.7313537016191705 0.6819983600624985 -157.98114127234464
-0.6819983600624985 0.7313537016191705 -126.0065194100211
0.0 0.0 1.0
21.0 25.0 1.0
-0.9271841 0.37460747 111.50892
-0.37460747 -0.9271841 213.33447
0.0 0.0 1.0
31.0 34.0 1.0
0.8090175 0.58778477 152.36781
-0.58778477 0.8090175 50.319805
0.0 0.0 1.0
18.0 29.0 1.0
0.9993903 -0.034898926 27.821686
0.034898926 0.9993903 356.80157
0.0 0.0 1.0
26.0 34.0 1.0
0.10452817 -0.9945219 638.80927
0.9945219 0.10452817 68.39159
0.0 0.0 1.0
0.0 13.0 0.0
0.46947156278589086 0.8829475928589269 138.06375382748558
-0.8829475928589269 0.46947156278589086 260.5420864459333
0.0 0.0 1.0
3.0 35.0 0.0
0.9998476951563913 -0.01745240643728351 287.11666035028844
0.01745240643728351 0.9998476951563913 -16.8395773864386
0.0 0.0 1.0
9.0 19.0 0.0
0.6427876096865394 -0.766044443118978 297.61607125375076
0.766044443118978 0.6427876096865394 8.722516035988406
0.0 0.0 1.0
22.0 31.0 0.0
0.4771587602596084 0.8788171126619654 -310.3872655926998
-0.8788171126619654 0.4771587602596084 113.80667232197325
0.0 0.0 1.0
27.0 31.0 1.0
-0.3420194 -0.9396932 654.74817
0.9396932 -0.3420194 93.31847
0.0 0.0 1.0
15.0 16.0 0.0
0.6156614753256583 0.788010753606722 -162.05475262015239
-0.788010753606722 0.6156614753256583 417.81009090884913
0.0 0.0 1.0
29.0 33.0 0.0
0.06104853953485691 -0.9981347984218669 440.6212668359154
0.9981347984218669 0.06104853953485691 176.43619464897714
0.0 0.0 1.0
24.0 28.0 1.0
0.3420199 0.939693 -323.24036
-0.939693 0.3420199 275.50885
0.0 0.0 1.0
0.0 1.0 1.0
0.984808 0.173648 178.0641
-0.173648 0.984808 17.125544
0.0 0.0 1.0
13.0 21.0 0.0
-0.41865973753742824 -0.9081431738250813 339.1430477380513
0.9081431738250813 -0.41865973753742824 -125.10666955153178
0.0 0.0 1.0
3.0 17.0 0.0
0.6293203910498375 -0.7771459614569709 491.52515261704286
0.7771459614569709 0.6293203910498375 -64.22677155355667
0.0 0.0 1.0
24.0 33.0 1.0
0.8987948 -0.4383713 55.652218
0.4383713 0.8987948 200.49983
0.0 0.0 1.0
29.0 30.0 1.0
-0.83867085 -0.5446387 482.368
0.5446387 -0.83867085 446.3661
0.0 0.0 1.0
27.0 34.0 0.0
0.9612616959383189 0.27563735581699916 219.12304523053552
-0.27563735581699916 0.9612616959383189 48.953135355778585
0.0 0.0 1.0
14.0 15.0 1.0
0.9743696 0.22495124 147.98163
-0.22495124 0.9743696 389.26746
0.0 0.0 1.0
15.0 16.0 1.0
-0.34201977 -0.93969226 535.30426
0.93969226 -0.34201977 241.33711
0.0 0.0 1.0
13.0 23.0 0.0
-0.998134798421867 -0.06104853953485675 251.5057055038494
0.06104853953485675 -0.998134798421867 139.6242479428514
0.0 0.0 1.0
24.0 27.0 0.0
-0.9990482215818578 0.04361938736533583 560.1002347015245
-0.04361938736533583 -0.9990482215818578 302.1264424725995
0.0 0.0 1.0
3.0 6.0 0.0
0.4539904997395468 0.8910065241883678 187.54816743307657
-0.8910065241883678 0.4539904997395468 311.38675486732456
0.0 0.0 1.0
4.0 10.0 1.0
-0.22495084 -0.97436994 128.4602
0.97436994 -0.22495084 7.838565
0.0 0.0 1.0
13.0 22.0 0.0
0.43837114678907746 -0.898794046299167 231.84426566741487
0.898794046299167 0.43837114678907746 -304.8360778756747
0.0 0.0 1.0
30.0 31.0 1.0
0.7431454 -0.6691304 422.09793
0.6691304 0.7431454 59.50329
0.0 0.0 1.0
20.0 26.0 1.0
-0.9945219 0.10452817 118.159706
-0.10452817 -0.9945219 394.25134
0.0 0.0 1.0
5.0 35.0 0.0
0.7193398003386512 0.6946583704589973 109.3715047313001
-0.6946583704589973 0.7193398003386512 31.602012404985828
0.0 0.0 1.0
18.0 33.0 0.0
-0.20791169081775934 -0.9781476007338057 639.2892942029182
0.9781476007338057 -0.20791169081775934 50.54506921093065
0.0 0.0 1.0
15.0 22.0 0.0
-0.08715574274765824 0.9961946980917455 -19.966407423763258
-0.9961946980917455 -0.08715574274765824 595.7777624909781
0.0 0.0 1.0
14.0 20.0 1.0
-0.6691305 -0.7431446 789.75433
0.7431446 -0.6691305 138.46375
0.0 0.0 1.0
