1 
1 0 1480.163583  0 1 1480.139094  0 0 1
2 
0.984808 0.173648 1658.227680  -0.173648 0.984808 1497.264638  0 0 1
3 
-0.087156 -0.996195 2275.874925  0.996195 -0.087156 1482.510663  0 0 1
4 
0.121869 -0.992546 2515.032160  0.992546 0.121869 1446.447081  0 0 1
5 
-0.207912 0.978148 2489.591594  -0.978148 -0.207912 1870.810739  0 0 1
6 
-0.642788 0.766044 2812.996428  -0.766044 -0.642788 1909.734517  0 0 1
7 
0.978148 -0.207912 2748.416791  0.207912 0.978148 1653.395674  0 0 1
8 
-0.906308 0.422618 1917.282319  -0.422618 -0.906308 2092.186331  0 0 1
9 
-0.829038 -0.559193 1863.250154  0.559193 -0.829038 1920.916489  0 0 1
10 
-0.292372 0.956305 1967.454061  -0.956305 -0.292372 2007.838794  0 0 1
11 
0.999848 -0.017452 2470.550451  0.017452 0.999848 1743.527909  0 0 1
12 
0.731354 0.681998 2106.247401  -0.681998 0.731354 1857.955325  0 0 1
13 
-0.754710 0.656059 2873.187741  -0.656059 -0.754710 2309.757425  0 0 1
14 
0.438371 0.898794 2396.390801  -0.898794 0.438371 2152.774606  0 0 1
15 
-0.469472 -0.882948 2682.837625  0.882948 -0.469472 1967.934764  0 0 1
16 
-0.258819 -0.965926 2269.661472  0.965926 -0.258819 1915.844670  0 0 1
17 
-0.819152 0.573576 1898.000762  -0.573576 -0.819152 2370.446355  0 0 1
18 
-0.529919 -0.848048 1905.612521  0.848048 -0.529919 2069.282664  0 0 1
19 
0.996195 -0.087156 2725.124274  0.087156 0.996195 2089.866782  0 0 1
20 
-0.258819 -0.965926 2841.904127  0.965926 -0.258819 2177.138206  0 0 1
21 
-0.342020 0.939693 2189.813799  -0.939693 -0.342020 2600.241909  0 0 1
22 
-0.642788 0.766044 2055.949525  -0.766044 -0.642788 2576.425826  0 0 1
23 
0.224951 -0.974370 1762.130418  0.974370 0.224951 2152.928598  0 0 1
24 
0.974370 -0.224951 1760.157416  0.224951 0.974370 2159.638418  0 0 1
25 
0.987688 0.156434 1702.076009  -0.156434 0.987688 2452.423473  0 0 1
26 
0.309017 -0.951057 2147.696521  0.951057 0.309017 2353.876255  0 0 1
27 
0.241922 -0.970296 2519.876049  0.970296 0.241922 2354.366218  0 0 1
28 
0.069756 -0.997564 2788.071891  0.997564 0.069756 2421.451686  0 0 1
29 
0.190809 0.981627 1425.914345  -0.981627 0.190809 2775.106046  0 0 1
30 
0.992546 -0.121869 2721.742701  0.121869 0.992546 2447.735553  0 0 1
31 
-0.898794 -0.438371 3146.116958  0.438371 -0.898794 2949.560143  0 0 1
32 
-0.961262 0.275637 2740.653366  -0.275637 -0.961262 3081.114431  0 0 1
33 
0.258819 -0.965926 2153.364275  0.965926 0.258819 2663.339485  0 0 1
34 
0.956305 -0.292372 1788.408029  0.292372 0.956305 2641.748851  0 0 1
35 
-0.939693 -0.342020 2608.057982  0.342020 -0.939693 2990.745710  0 0 1
36 
-0.996195 0.087156 1783.540158  -0.087156 -0.996195 3043.761166  0 0 1
