0	1
0.984808 0.173648 178.064097
-0.173648 0.984808 17.125544
0.000000 0.000000 1.000000
0	8
-0.829038 -0.559193 383.086571
0.559193 -0.829038 440.777395
0.000000 0.000000 1.000000
1	2
-0.258819 -0.965926 610.825687
0.965926 -0.258819 92.723337
0.000000 0.000000 1.000000
1	7
-0.819152 0.573576 151.812054
-0.573576 -0.819152 630.867695
0.000000 0.000000 1.000000
2	3
0.978147 0.207911 -56.770311
-0.207911 0.978147 -235.103932
0.000000 0.000000 1.000000
2	9
-0.927184 -0.374607 550.209631
0.374607 -0.927184 261.461655
0.000000 0.000000 1.000000
3	4
-0.996195 -0.087156 418.100196
0.087156 -0.996195 76.967736
0.000000 0.000000 1.000000
3	11
-0.587785 0.809017 358.622810
-0.809017 -0.587785 455.887951
0.000000 0.000000 1.000000
4	5
0.882947 0.469472 -105.312866
-0.469472 0.882947 308.244791
0.000000 0.000000 1.000000
4	10
-0.224951 -0.974370 128.460211
0.974370 -0.224951 7.838565
0.000000 0.000000 1.000000
5	6
-0.788012 -0.615661 237.877890
0.615661 -0.788012 115.300709
0.000000 0.000000 1.000000
6	10
0.981627 0.190810 -253.054601
-0.190810 0.981627 145.934279
0.000000 0.000000 1.000000
6	12
-0.874620 0.484809 258.509704
-0.484809 -0.874620 616.076996
0.000000 0.000000 1.000000
7	8
0.515039 0.857167 121.351481
-0.857167 0.515039 132.388241
0.000000 0.000000 1.000000
7	9
0.669131 -0.743145 -9.824262
0.743145 0.669131 97.648313
0.000000 0.000000 1.000000
7	16
0.984807 -0.173648 -100.122649
0.173648 0.984807 -260.337976
0.000000 0.000000 1.000000
8	17
0.913545 0.406737 47.845275
-0.406737 0.913545 -146.689816
0.000000 0.000000 1.000000
9	11
0.438370 -0.898794 102.754959
0.898794 0.438370 176.550382
0.000000 0.000000 1.000000
9	15
-0.848048 0.529919 -0.382544
-0.529919 -0.848048 315.898762
0.000000 0.000000 1.000000
10	11
0.719340 0.694658 -362.250473
-0.694658 0.719340 120.767768
0.000000 0.000000 1.000000
10	13
0.422618 0.906307 -67.006164
-0.906307 0.422618 410.478481
0.000000 0.000000 1.000000
11	14
-0.945519 -0.325569 346.685828
0.325569 -0.945519 473.667308
0.000000 0.000000 1.000000
12	13
0.258819 -0.965925 462.833134
0.965925 0.258819 -194.330305
0.000000 0.000000 1.000000
12	18
-0.809017 -0.587785 256.006062
0.587785 -0.809017 68.815256
0.000000 0.000000 1.000000
13	14
-0.999391 0.034900 291.702983
-0.034900 -0.999391 176.428298
0.000000 0.000000 1.000000
13	19
-0.981627 -0.190809 173.402301
0.190809 -0.981627 411.105087
0.000000 0.000000 1.000000
14	15
0.974370 0.224951 147.981623
-0.224951 0.974370 389.267459
0.000000 0.000000 1.000000
14	20
-0.669130 -0.743145 789.754319
0.743145 -0.669130 138.463745
0.000000 0.000000 1.000000
15	16
-0.342020 -0.939692 535.304273
0.939692 -0.342020 241.337114
0.000000 0.000000 1.000000
15	21
-0.573576 -0.819152 693.385010
0.819152 -0.573576 35.458961
0.000000 0.000000 1.000000
16	17
-0.052336 0.998630 166.505173
-0.998630 -0.052336 251.064906
0.000000 0.000000 1.000000
16	23
-0.927184 -0.374606 233.829160
0.374606 -0.927184 93.620162
0.000000 0.000000 1.000000
17	22
0.707107 0.707107 146.969725
-0.707107 0.707107 77.354175
0.000000 0.000000 1.000000
18	19
-0.173648 -0.984808 123.941654
0.984808 -0.173648 76.761242
0.000000 0.000000 1.000000
18	29
0.999390 -0.034899 27.821687
0.034899 0.999390 356.801574
0.000000 0.000000 1.000000
19	20
-0.819152 -0.573576 577.460054
0.573576 -0.819152 520.363562
0.000000 0.000000 1.000000
19	27
0.945519 0.325568 249.921470
-0.325568 0.945519 -11.235011
0.000000 0.000000 1.000000
20	21
0.939692 0.342021 68.164024
-0.342021 0.939692 -117.645672
0.000000 0.000000 1.000000
20	26
-0.994522 0.104528 118.159702
-0.104528 -0.994522 394.251347
0.000000 0.000000 1.000000
21	23
-0.798636 -0.601815 509.409202
0.601815 -0.798636 41.316181
0.000000 0.000000 1.000000
21	25
-0.927184 0.374607 111.508915
-0.374607 -0.927184 213.334467
0.000000 0.000000 1.000000
22	23
0.438371 0.898794 6.094019
-0.898794 0.438371 3.431815
0.000000 0.000000 1.000000
22	28
-0.913545 0.406737 530.598978
-0.406737 -0.913545 467.558365
0.000000 0.000000 1.000000
23	24
0.927184 0.374606 9.269512
-0.374606 0.927184 298.346490
0.000000 0.000000 1.000000
24	25
0.156435 -0.987689 455.550541
0.987689 0.156435 -27.623728
0.000000 0.000000 1.000000
24	28
0.342020 0.939693 -323.240352
-0.939693 0.342020 275.508857
0.000000 0.000000 1.000000
24	33
0.898795 -0.438371 55.652220
0.438371 0.898795 200.499831
0.000000 0.000000 1.000000
25	26
0.997564 -0.069756 115.475677
0.069756 0.997564 -353.812212
0.000000 0.000000 1.000000
25	32
0.998629 -0.052336 296.068330
0.052336 0.998629 90.238958
0.000000 0.000000 1.000000
26	27
0.984807 -0.173649 129.975160
0.173649 0.984807 -243.999760
0.000000 0.000000 1.000000
26	34
0.104528 -0.994522 638.809254
0.994522 0.104528 68.391583
0.000000 0.000000 1.000000
27	29
0.190808 0.981627 21.592984
-0.981627 0.190808 68.001081
0.000000 0.000000 1.000000
27	31
-0.342019 -0.939693 654.748189
0.939693 -0.342019 93.318463
0.000000 0.000000 1.000000
28	35
-0.104528 0.994522 -195.480966
-0.994522 -0.104528 402.317113
0.000000 0.000000 1.000000
29	30
-0.838671 -0.544639 482.368018
0.544639 -0.838671 446.366095
0.000000 0.000000 1.000000
30	31
0.743145 -0.669130 422.097918
0.669130 0.743145 59.503288
0.000000 0.000000 1.000000
31	34
0.809017 0.587785 152.367808
-0.587785 0.809017 50.319804
0.000000 0.000000 1.000000
32	33
0.529919 0.848048 -115.312529
-0.848048 0.529919 346.932552
0.000000 0.000000 1.000000
32	34
0.087156 -0.996195 433.933420
0.996195 0.087156 -354.461411
0.000000 0.000000 1.000000
33	35
-0.978148 -0.207912 112.881903
0.207912 -0.978148 385.869369
0.000000 0.000000 1.000000
