0.000000000000000000e+00 1.000000000000000000e+00 0.000000000000000000e+00
9.848080000000000167e-01 1.736479999999999968e-01 1.780640969999999470e+02
-1.736479999999999968e-01 9.848080000000000167e-01 1.712554400000021815e+01
0.000000000000000000e+00 0.000000000000000000e+00 1.000000000000000000e+00
0.000000000000000000e+00 8.000000000000000000e+00 0.000000000000000000e+00
-8.290380000000000527e-01 -5.591930000000000511e-01 3.830865710000000490e+02
5.591930000000000511e-01 -8.290380000000000527e-01 4.407773950000000696e+02
0.000000000000000000e+00 0.000000000000000000e+00 1.000000000000000000e+00
1.000000000000000000e+00 2.000000000000000000e+00 0.000000000000000000e+00
-2.588190854699347065e-01 -9.659259301775745543e-01 6.108256868455548556e+02
9.659259301775744433e-01 -2.588190854699346510e-01 9.272333680205360906e+01
0.000000000000000000e+00 0.000000000000000000e+00 1.000000000000000000e+00
1.000000000000000000e+00 7.000000000000000000e+00 0.000000000000000000e+00
-8.191522504503369051e-01 5.735759152913055825e-01 1.518120542933453123e+02
-5.735759152913055825e-01 -8.191522504503367941e-01 6.308676946206068124e+02
0.000000000000000000e+00 0.000000000000000000e+00 1.000000000000000000e+00
2.000000000000000000e+00 3.000000000000000000e+00 0.000000000000000000e+00
9.781471156698522407e-01 2.079114932451193165e-01 -5.677031135003478823e+01
-2.079114932451192888e-01 9.781471156698521296e-01 -2.351039322060204313e+02
0.000000000000000000e+00 0.000000000000000000e+00 1.000000000000000000e+00
2.000000000000000000e+00 9.000000000000000000e+00 0.000000000000000000e+00
-9.271836861476253633e-01 -3.746070009886442453e-01 5.502096306502819516e+02
3.746070009886441898e-01 -9.271836861476252523e-01 2.614616550284273444e+02
0.000000000000000000e+00 0.000000000000000000e+00 1.000000000000000000e+00
3.000000000000000000e+00 4.000000000000000000e+00 0.000000000000000000e+00
-9.961952955952425581e-01 -8.715633887104813626e-02 4.181001958081755561e+02
8.715633887104815014e-02 -9.961952955952425581e-01 7.696773626909669019e+01
0.000000000000000000e+00 0.000000000000000000e+00 1.000000000000000000e+00
3.000000000000000000e+00 1.100000000000000000e+01 0.000000000000000000e+00
-5.877852324164978270e-01 8.090172127935290058e-01 3.586228097250960900e+02
-8.090172127935290058e-01 -5.877852324164978270e-01 4.558879509850302156e+02
0.000000000000000000e+00 0.000000000000000000e+00 1.000000000000000000e+00
4.000000000000000000e+00 5.000000000000000000e+00 0.000000000000000000e+00
8.829469419970801258e-01 4.694716294420713254e-01 -1.053128656521143967e+02
-4.694716294420711589e-01 8.829469419970800148e-01 3.082447906416385877e+02
0.000000000000000000e+00 0.000000000000000000e+00 1.000000000000000000e+00
4.000000000000000000e+00 1.000000000000000000e+01 0.000000000000000000e+00
-2.249508316459258583e-01 -9.743699549463192833e-01 1.284602108686822817e+02
9.743699549463191723e-01 -2.249508316459258861e-01 7.838564677461363317e+00
0.000000000000000000e+00 0.000000000000000000e+00 1.000000000000000000e+00
5.000000000000000000e+00 6.000000000000000000e+00 0.000000000000000000e+00
-7.880116763246280964e-01 -6.156611769019075808e-01 2.378778904879798120e+02
6.156611769019075808e-01 -7.880116763246282074e-01 1.153007091903178889e+02
0.000000000000000000e+00 0.000000000000000000e+00 1.000000000000000000e+00
6.000000000000000000e+00 1.000000000000000000e+01 0.000000000000000000e+00
9.816269087930457049e-01 1.908095849104426700e-01 -2.530546013043881430e+02
-1.908095849104426978e-01 9.816269087930455939e-01 1.459342791340346821e+02
0.000000000000000000e+00 0.000000000000000000e+00 1.000000000000000000e+00
6.000000000000000000e+00 1.200000000000000000e+01 0.000000000000000000e+00
-8.746198202918297193e-01 4.848090922063789665e-01 2.585097044216763607e+02
-4.848090922063788000e-01 -8.746198202918296083e-01 6.160769958475405019e+02
0.000000000000000000e+00 0.000000000000000000e+00 1.000000000000000000e+00
7.000000000000000000e+00 8.000000000000000000e+00 0.000000000000000000e+00
5.150386595578094751e-01 8.571673296771101791e-01 1.213514814859079252e+02
-8.571673296771101791e-01 5.150386595578093640e-01 1.323882406393725830e+02
0.000000000000000000e+00 0.000000000000000000e+00 1.000000000000000000e+00
7.000000000000000000e+00 9.000000000000000000e+00 0.000000000000000000e+00
6.691306788012937323e-01 -7.431450795826086697e-01 -9.824262137749656176e+00
7.431450795826085587e-01 6.691306788012937323e-01 9.764831273268174527e+01
0.000000000000000000e+00 0.000000000000000000e+00 1.000000000000000000e+00
7.000000000000000000e+00 1.600000000000000000e+01 0.000000000000000000e+00
9.848073904995597871e-01 -1.736481088568754549e-01 -1.001226489622649751e+02
1.736481088568754272e-01 9.848073904995596761e-01 -2.603379759870438193e+02
0.000000000000000000e+00 0.000000000000000000e+00 1.000000000000000000e+00
8.000000000000000000e+00 1.700000000000000000e+01 0.000000000000000000e+00
9.135447471003999009e-01 4.067366902779920301e-01 4.784527540892746345e+01
-4.067366902779921967e-01 9.135447471003997899e-01 -1.466898162789346998e+02
0.000000000000000000e+00 0.000000000000000000e+00 1.000000000000000000e+00
9.000000000000000000e+00 1.100000000000000000e+01 0.000000000000000000e+00
4.383703854040301717e-01 -8.987940315290069426e-01 1.027549587171196208e+02
8.987940315290070536e-01 4.383703854040302827e-01 1.765503817192650899e+02
0.000000000000000000e+00 0.000000000000000000e+00 1.000000000000000000e+00
9.000000000000000000e+00 1.500000000000000000e+01 0.000000000000000000e+00
-8.480478925125449763e-01 5.299192814318421929e-01 -3.825441724698066537e-01
-5.299192814318421929e-01 -8.480478925125450873e-01 3.158987622099712098e+02
0.000000000000000000e+00 0.000000000000000000e+00 1.000000000000000000e+00
1.000000000000000000e+01 1.100000000000000000e+01 0.000000000000000000e+00
7.193401767951038694e-01 6.946575127073595368e-01 -3.622504729855384085e+02
-6.946575127073596478e-01 7.193401767951039805e-01 1.207677679552728307e+02
0.000000000000000000e+00 0.000000000000000000e+00 1.000000000000000000e+00
1.000000000000000000e+01 1.300000000000000000e+01 0.000000000000000000e+00
4.226183630896456211e-01 9.063072943813863525e-01 -6.700616448114976720e+01
-9.063072943813864635e-01 4.226183630896456767e-01 4.104784813116843907e+02
0.000000000000000000e+00 0.000000000000000000e+00 1.000000000000000000e+00
1.100000000000000000e+01 1.400000000000000000e+01 0.000000000000000000e+00
-9.455190468929816072e-01 -3.255686043380912054e-01 3.466858282009551431e+02
3.255686043380912609e-01 -9.455190468929817182e-01 4.736673081180866802e+02
0.000000000000000000e+00 0.000000000000000000e+00 1.000000000000000000e+00
1.200000000000000000e+01 1.300000000000000000e+01 0.000000000000000000e+00
2.588187612884633171e-01 -9.659254843421340997e-01 4.628331341831001282e+02
9.659254843421342107e-01 2.588187612884632616e-01 -1.943303045925329684e+02
0.000000000000000000e+00 0.000000000000000000e+00 1.000000000000000000e+00
1.200000000000000000e+01 1.800000000000000000e+01 0.000000000000000000e+00
-8.090173248186526278e-01 -5.877848406715168172e-01 2.560060620631606980e+02
5.877848406715168172e-01 -8.090173248186528498e-01 6.881525609691755108e+01
0.000000000000000000e+00 0.000000000000000000e+00 1.000000000000000000e+00
1.300000000000000000e+01 1.400000000000000000e+01 0.000000000000000000e+00
-9.993914866180418910e-01 3.489982645607592193e-02 2.917029834528233891e+02
-3.489982645607596357e-02 -9.993914866180420020e-01 1.764282977420884890e+02
0.000000000000000000e+00 0.000000000000000000e+00 1.000000000000000000e+00
1.300000000000000000e+01 1.900000000000000000e+01 0.000000000000000000e+00
-9.816274451224329400e-01 -1.908090226968204850e-01 1.734023014814818566e+02
1.908090226968204850e-01 -9.816274451224330511e-01 4.111050871470674792e+02
0.000000000000000000e+00 0.000000000000000000e+00 1.000000000000000000e+00
1.400000000000000000e+01 1.500000000000000000e+01 0.000000000000000000e+00
9.743696028772259599e-01 2.249512385802754089e-01 1.479816234406361559e+02
-2.249512385802754089e-01 9.743696028772259599e-01 3.892674588764886039e+02
0.000000000000000000e+00 0.000000000000000000e+00 1.000000000000000000e+00
1.400000000000000000e+01 2.000000000000000000e+01 0.000000000000000000e+00
-6.691304857491459090e-01 -7.431445876831059838e-01 7.897543186853059751e+02
7.431445876831059838e-01 -6.691304857491459090e-01 1.384637447484699351e+02
0.000000000000000000e+00 0.000000000000000000e+00 1.000000000000000000e+00
1.500000000000000000e+01 1.600000000000000000e+01 0.000000000000000000e+00
-3.420197630967751201e-01 -9.396922880892990548e-01 5.353042733449997286e+02
9.396922880892991659e-01 -3.420197630967752311e-01 2.413371141030684157e+02
0.000000000000000000e+00 0.000000000000000000e+00 1.000000000000000000e+00
1.500000000000000000e+01 2.100000000000000000e+01 0.000000000000000000e+00
-5.735758902803846926e-01 -8.191521279543970691e-01 6.933850096005940031e+02
8.191521279543971801e-01 -5.735758902803848036e-01 3.545896083155821543e+01
0.000000000000000000e+00 0.000000000000000000e+00 1.000000000000000000e+00
1.600000000000000000e+01 1.700000000000000000e+01 0.000000000000000000e+00
-5.233580095469422822e-02 9.986296079746009857e-01 1.665051730480927290e+02
-9.986296079746009857e-01 -5.233580095469421434e-02 2.510649059805351442e+02
0.000000000000000000e+00 0.000000000000000000e+00 1.000000000000000000e+00
1.600000000000000000e+01 2.300000000000000000e+01 0.000000000000000000e+00
-9.271841604037860396e-01 -3.746064002624200917e-01 2.338291598474719422e+02
3.746064002624201472e-01 -9.271841604037859286e-01 9.362016183971525152e+01
0.000000000000000000e+00 0.000000000000000000e+00 1.000000000000000000e+00
1.700000000000000000e+01 2.200000000000000000e+01 0.000000000000000000e+00
7.071070341348756338e-01 7.071067350217430381e-01 1.469697247039182457e+02
-7.071067350217430381e-01 7.071070341348754118e-01 7.735417506394037446e+01
0.000000000000000000e+00 0.000000000000000000e+00 1.000000000000000000e+00
1.800000000000000000e+01 1.900000000000000000e+01 0.000000000000000000e+00
-1.736478350098117351e-01 -9.848076437927464344e-01 1.239416537784275079e+02
9.848076437927464344e-01 -1.736478350098117074e-01 7.676124174813907075e+01
0.000000000000000000e+00 0.000000000000000000e+00 1.000000000000000000e+00
1.800000000000000000e+01 2.900000000000000000e+01 0.000000000000000000e+00
9.993903310670662066e-01 -3.489892672169483956e-02 2.782168650768812768e+01
3.489892672169481874e-02 9.993903310670660955e-01 3.568015740801105835e+02
0.000000000000000000e+00 0.000000000000000000e+00 1.000000000000000000e+00
1.900000000000000000e+01 2.000000000000000000e+01 0.000000000000000000e+00
-8.191523705683212420e-01 -5.735762339952774624e-01 5.774600537222149796e+02
5.735762339952775735e-01 -8.191523705683213530e-01 5.203635623802131249e+02
0.000000000000000000e+00 0.000000000000000000e+00 1.000000000000000000e+00
1.900000000000000000e+01 2.700000000000000000e+01 0.000000000000000000e+00
9.455185308741305139e-01 3.255675493177652147e-01 2.499214699370336348e+02
-3.255675493177652147e-01 9.455185308741306249e-01 -1.123501068159816896e+01
0.000000000000000000e+00 0.000000000000000000e+00 1.000000000000000000e+00
2.000000000000000000e+01 2.100000000000000000e+01 0.000000000000000000e+00
9.396919586712771943e-01 3.420208049812542006e-01 6.816402357904962628e+01
-3.420208049812543116e-01 9.396919586712771943e-01 -1.176456722094273459e+02
0.000000000000000000e+00 0.000000000000000000e+00 1.000000000000000000e+00
2.000000000000000000e+01 2.600000000000000000e+01 0.000000000000000000e+00
-9.945219102861023730e-01 1.045281637258687474e-01 1.181597023311196608e+02
-1.045281637258687057e-01 -9.945219102861024840e-01 3.942513473988734631e+02
0.000000000000000000e+00 0.000000000000000000e+00 1.000000000000000000e+00
2.100000000000000000e+01 2.300000000000000000e+01 0.000000000000000000e+00
-7.986358488583815696e-01 -6.018145954854010604e-01 5.094092015604020389e+02
6.018145954854009494e-01 -7.986358488583815696e-01 4.131618138463011292e+01
0.000000000000000000e+00 0.000000000000000000e+00 1.000000000000000000e+00
2.100000000000000000e+01 2.500000000000000000e+01 0.000000000000000000e+00
-9.271840921268463820e-01 3.746074745184759247e-01 1.115089152527352780e+02
-3.746074745184760357e-01 -9.271840921268463820e-01 2.133344672335726386e+02
0.000000000000000000e+00 0.000000000000000000e+00 1.000000000000000000e+00
2.200000000000000000e+01 2.300000000000000000e+01 0.000000000000000000e+00
4.383710778020830645e-01 8.987940799463688402e-01 6.094019458860657323e+00
-8.987940799463690622e-01 4.383710778020831200e-01 3.431815194731058227e+00
0.000000000000000000e+00 0.000000000000000000e+00 1.000000000000000000e+00
2.200000000000000000e+01 2.800000000000000000e+01 0.000000000000000000e+00
-9.135453623013723989e-01 4.067366019017991663e-01 5.305989781310722719e+02
-4.067366019017992218e-01 -9.135453623013726210e-01 4.675583646146360479e+02
0.000000000000000000e+00 0.000000000000000000e+00 1.000000000000000000e+00
2.300000000000000000e+01 2.400000000000000000e+01 0.000000000000000000e+00
9.271837115516580186e-01 3.746060563207580518e-01 9.269511765621246013e+00
-3.746060563207581073e-01 9.271837115516582406e-01 2.983464895869244629e+02
0.000000000000000000e+00 0.000000000000000000e+00 1.000000000000000000e+00
2.400000000000000000e+01 2.500000000000000000e+01 0.000000000000000000e+00
1.564348599686458674e-01 -9.876891598200395750e-01 4.555505405338750506e+02
9.876891598200395750e-01 1.564348599686458952e-01 -2.762372808227246423e+01
0.000000000000000000e+00 0.000000000000000000e+00 1.000000000000000000e+00
2.400000000000000000e+01 2.800000000000000000e+01 0.000000000000000000e+00
3.420198775848657946e-01 9.396929622207510491e-01 -3.232403517250940013e+02
-9.396929622207510491e-01 3.420198775848658501e-01 2.755088568639456525e+02
0.000000000000000000e+00 0.000000000000000000e+00 1.000000000000000000e+00
2.400000000000000000e+01 3.300000000000000000e+01 0.000000000000000000e+00
8.987947868757740766e-01 -4.383712910252274275e-01 5.565221952791905835e+01
4.383712910252274830e-01 8.987947868757740766e-01 2.004998312317558202e+02
0.000000000000000000e+00 0.000000000000000000e+00 1.000000000000000000e+00
2.500000000000000000e+01 2.600000000000000000e+01 0.000000000000000000e+00
9.975638922578380363e-01 -6.975628305542184993e-02 1.154756772986909255e+02
6.975628305542183605e-02 9.975638922578379253e-01 -3.538122117057027367e+02
0.000000000000000000e+00 0.000000000000000000e+00 1.000000000000000000e+00
2.500000000000000000e+01 3.200000000000000000e+01 0.000000000000000000e+00
9.986292324329558712e-01 -5.233588472482163245e-02 2.960683300415744270e+02
5.233588472482163939e-02 9.986292324329557601e-01 9.023895848982454027e+01
0.000000000000000000e+00 0.000000000000000000e+00 1.000000000000000000e+00
2.600000000000000000e+01 2.700000000000000000e+01 0.000000000000000000e+00
9.848072971135952702e-01 -1.736486092206039888e-01 1.299751601403011136e+02
1.736486092206039888e-01 9.848072971135952702e-01 -2.439997601850757292e+02
0.000000000000000000e+00 0.000000000000000000e+00 1.000000000000000000e+00
2.600000000000000000e+01 3.400000000000000000e+01 0.000000000000000000e+00
1.045281671699651721e-01 -9.945219430545857442e-01 6.388092535695152492e+02
9.945219430545857442e-01 1.045281671699651443e-01 6.839158281807237927e+01
0.000000000000000000e+00 0.000000000000000000e+00 1.000000000000000000e+00
2.700000000000000000e+01 2.900000000000000000e+01 0.000000000000000000e+00
1.908081976363781851e-01 9.816272272913585395e-01 2.159298411472968837e+01
-9.816272272913585395e-01 1.908081976363782128e-01 6.800108083281565996e+01
0.000000000000000000e+00 0.000000000000000000e+00 1.000000000000000000e+00
2.700000000000000000e+01 3.100000000000000000e+01 0.000000000000000000e+00
-3.420193972410830452e-01 -9.396931875308761617e-01 6.547481888524266651e+02
9.396931875308760507e-01 -3.420193972410830452e-01 9.331846343852612335e+01
0.000000000000000000e+00 0.000000000000000000e+00 1.000000000000000000e+00
2.800000000000000000e+01 3.500000000000000000e+01 0.000000000000000000e+00
-1.045283264049069044e-01 9.945224148958883292e-01 -1.954809657859464096e+02
-9.945224148958883292e-01 -1.045283264049069322e-01 4.023171129162612942e+02
0.000000000000000000e+00 0.000000000000000000e+00 1.000000000000000000e+00
2.900000000000000000e+01 3.000000000000000000e+01 0.000000000000000000e+00
-8.386708767809755161e-01 -5.446387180870414513e-01 4.823680178251026973e+02
5.446387180870414513e-01 -8.386708767809756271e-01 4.463660949071100958e+02
0.000000000000000000e+00 0.000000000000000000e+00 1.000000000000000000e+00
3.000000000000000000e+01 3.100000000000000000e+01 0.000000000000000000e+00
7.431454081906042619e-01 -6.691304077841233600e-01 4.220979179451531422e+02
6.691304077841234710e-01 7.431454081906043729e-01 5.950328817007562066e+01
0.000000000000000000e+00 0.000000000000000000e+00 1.000000000000000000e+00
3.100000000000000000e+01 3.400000000000000000e+01 0.000000000000000000e+00
8.090174915930889998e-01 5.877847603777579533e-01 1.523678079832477579e+02
-5.877847603777579533e-01 8.090174915930891109e-01 5.031980408142771921e+01
0.000000000000000000e+00 0.000000000000000000e+00 1.000000000000000000e+00
3.200000000000000000e+01 3.300000000000000000e+01 0.000000000000000000e+00
5.299194548065393473e-01 8.480481699699835563e-01 -1.153125293657201382e+02
-8.480481699699835563e-01 5.299194548065393473e-01 3.469325522473707224e+02
0.000000000000000000e+00 0.000000000000000000e+00 1.000000000000000000e+00
3.200000000000000000e+01 3.400000000000000000e+01 0.000000000000000000e+00
8.715558073980286813e-02 -9.961948640491042894e-01 4.339334203513135435e+02
9.961948640491044005e-01 8.715558073980290976e-02 -3.544614112034392974e+02
0.000000000000000000e+00 0.000000000000000000e+00 1.000000000000000000e+00
3.300000000000000000e+01 3.500000000000000000e+01 0.000000000000000000e+00
-9.781476080706159593e-01 -2.079116730194051077e-01 1.128819030068203801e+02
2.079116730194051077e-01 -9.781476080706161813e-01 3.858693693477393936e+02
0.000000000000000000e+00 0.000000000000000000e+00 1.000000000000000000e+00
