2.0 7.0 0.0
0.9396926207859084 0.3420201433256687 118.90813652129333
-0.3420201433256687 0.9396926207859084 203.62082080918913
0.0 0.0 1.0
0.0 2.0 0.0
0.5075383629607042 0.8616291604415257 -82.98057662868497
-0.8616291604415257 0.5075383629607042 -4.327771036078531
0.0 0.0 1.0
2.0 3.0 0.0
-0.04361938736533589 0.9990482215818578 -145.6525054097139
-0.9990482215818578 -0.04361938736533589 368.06026100533364
0.0 0.0 1.0
1.0 2.0 1.0
0.9961943 -0.08715568 37.966732
0.08715568 0.9961943 146.73073
0.0 0.0 1.0
3.0 5.0 1.0
0.12186922 -0.9925452 383.70386
0.9925452 0.12186922 142.47734
0.0 0.0 1.0
4.0 7.0 1.0
0.17364821 -0.9848083 268.23096
0.9848083 0.17364821 276.468
0.0 0.0 1.0
2.0 4.0 1.0
0.17364801 -0.9848076 107.657524
0.9848076 0.17364801 61.96614
0.0 0.0 1.0
1.0 8.0 0.0
-0.6427876096865394 -0.766044443118978 222.9307971804319
0.766044443118978 -0.6427876096865394 -7.067566820514102
0.0 0.0 1.0
3.0 7.0 0.0
0.5446390350150271 0.838670567945424 -179.93771923104953
-0.838670567945424 0.5446390350150271 101.58314108690496
0.0 0.0 1.0
0.0 4.0 0.0
0.07410849019539935 0.9972501850994857 146.35137511665735
-0.9972501850994857 0.07410849019539935 234.05869649326888
0.0 0.0 1.0
0.0 5.0 0.0
6.123233995736766e-17 -1.0 250.0
1.0 6.123233995736766e-17 176.99999999999997
0.0 0.0 1.0
0.0 3.0 1.0
0.469472 0.882948 -102.90262
-0.882948 0.469472 432.584
0.0 0.0 1.0
6.0 7.0 0.0
0.30070579950427306 0.9537169507482269 -181.02487744478736
-0.9537169507482269 0.30070579950427306 141.3204176164095
0.0 0.0 1.0
1.0 5.0 1.0
-0.052336257 -0.9986287 74.91251
0.9986287 -0.052336257 79.42323
0.0 0.0 1.0
5.0 8.0 0.0
0.6225146366376195 -0.7826081568524139 7.8672752168323825
0.7826081568524139 0.6225146366376195 70.35459215705211
0.0 0.0 1.0
5.0 8.0 1.0
-0.52991956 0.84804815 162.03496
-0.84804815 -0.52991956 552.4675
0.0 0.0 1.0
0.0 1.0 1.0
0.309017 0.951057 104.35041
-0.951057 0.309017 207.38553
0.0 0.0 1.0
7.0 8.0 1.0
-0.9702951 -0.2419218 283.51743
0.2419218 -0.9702951 383.26712
0.0 0.0 1.0
4.0 5.0 1.0
0.99026775 -0.1391733 -143.55064
0.1391733 0.99026775 52.590237
0.0 0.0 1.0
6.0 8.0 1.0
-0.17364837 -0.9848079 124.65331
0.9848079 -0.17364837 -15.988535
0.0 0.0 1.0
3.0 4.0 0.0
0.3048642990280109 -0.9523957996432784 411.87532205473775
0.9523957996432784 0.3048642990280109 121.19626539453033
0.0 0.0 1.0
2.0 8.0 0.0
-0.484809620246337 0.8746197071393959 129.48529073944974
-0.8746197071393959 -0.484809620246337 445.0463966999751
0.0 0.0 1.0
3.0 6.0 1.0
-0.7547091 0.65605813 -40.331696
-0.65605813 -0.7547091 440.34625
0.0 0.0 1.0
0.0 8.0 0.0
0.7771459614569709 0.6293203910498374 -36.31693151590754
-0.6293203910498374 0.7771459614569709 261.0571944995372
0.0 0.0 1.0
